935506.815 1915798.042 935556.856 1915891.593 0.01
935556.856 1915891.593 935553.085 1915906.563 -0.7
935553.085 1915906.563 935530.41 1915918.66 0.0
935530.41 1915918.66 935524.52 1915938.90 0.75
935524.52 1915938.90 935535.97 1915960.23 0.0
935535.97 1915960.23 935545.35 1915963.54 0.7
935545.35 1915963.54 935575.30 1915947.76 0.0
935575.30 1915947.76 935590.71 1915955.00 -0.75
935591.51 1915956.06 935614.5363 1915999.085 0.0
935614.5363 1915999.085 935624.8036 1916018.496 0.0
935624.8036 1916018.496 935639.43 1916050.41 -0.06
935639.43 1916050.41 935649.10 1916081.34 -0.1
935649.10 1916081.54 935653.49 1916090.89 0.04
935653.49 1916090.89 935653.81 1916100.18 -0.04
935653.81 1916100.18 935654.29 1916123.88 0.0
935654.29 1916123.88 935655.2125 1916134.774 0.0
935655.2125 1916134.774 935656.7994 1916157.749 -0.05
935656.7994 1916157.749 935657.0327871953 1916167.5562408816 0.0
935657.0327871953 1916167.5562408816 935653.1111922738 1916171.7085178571 0.0
935653.1111922738 1916171.7085178571 935652.9958512468 1916175.2840896973 0.0
935652.9958512468 1916175.2840896973 935649.5356204337 1916179.8977307812 0.0
935649.5356204337 1916179.8977307812 935649.076 1916195.542 0.0
935649.076 1916195.542 935648.45 1916228.11 0.0
935648.45 1916228.11 935629.4277 1916242.221 -0.75
935629.4277 1916242.221 935622.6382 1916242.017 0.0
935622.6382 1916242.017 935616.3206 1916238.16 -0.0
935616.3206 1916238.16 935598.1034 1916237.83 0.0
935598.1034 1916237.83 935582.277 1916221.139 -0.7
935582.277 1916221.139 935583.581 1916159.134 0.0
935583.581 1916159.134 935584.1152 1916152.212 0.0
935584.1152 1916152.212 935584.789 1916131.559 -0.0
935584.789 1916131.559 935601.06 1916113.54 -0.7
935601.06 1916113.54 935630.0811 1916113.89 0.0
935630.0811 1916113.89 935642.7673 1916100.412 0.78
935642.7673 1916100.412 935632.06 1916052.21 0.23
935632.06 1916052.21 935618.176 1916021.796 0.08
935618.176 1916021.796 935609.3913 1916005.161 0.0
935609.3913 1916005.161 935597.9566 1915979.232 0.0
935597.9566 1915979.232 935589.5613 1915963.42 0.0
935589.5613 1915963.42 935561.7474 1915911.484 0.0
935561.7474 1915911.484 935550.7184 1915890.72 0.0
935550.7184 1915890.72 935505.46 1915807.07 0.0