931355.3393048642 1929900.8400710903 931302.2011286834 1929831.34462787 0.0
931302.2011286834 1929831.34462787 931281.8615184694 1929804.6507365685 0.0
931281.8615184694 1929804.6507365685 931281.148456482 1929781.4679856487 -0.7
931281.148456482 1929781.4679856487 931294.652141422 1929770.528241454 0.0
931294.652141422 1929770.528241454 931298.5982627425 1929752.8547139615 0.7
931298.5982627425 1929752.8547139615 931273.9222656076 1929721.159336088 0.0
931273.9222656076 1929721.159336088 931238.0386594138 1929673.812361054 0.0
931238.0386594138 1929673.812361054 931233.2284964515 1929677.9459934565 2.0
931233.2284964515 1929677.9459934565 931238.451356932 1929683.0733159243 0.0
931238.451356932 1929683.0733159243 931262.3492502815 1929714.8859409909 0.0
